(0.23759504913121293, 5.614189561774378e-44)
(0.2380891090629451, 5.597013837330595e-43)
(0.1476709247804206, 5.253805728524241e-44)
(0.14345063286975446, 2.0483374038504037e-43)
(0.5407671763898135, 5.562149277293908e-44)
(0.5400732670267501, 9.552169934062186e-44)
(0.7170171981262141, 5.149722345799076e-44)
(0.7349063074573803, 1.21583937948376e-43)
(0.00845958012086508, 1.4715404974455828e-43)
(0.7433569431053717, 5.435190646132702e-44)
(0.498847050110952, 1.2466149882306475e-43)
(0.16679446472711631, 5.265015981566727e-44)
(0.33735566212044354, 9.98771899042929e-44)
(0.14293885311167182, 5.283008615785258e-44)
(0.34502104198993716, 5.30227310131068e-44)
(0.8399796468267282, 2.4506898734558287e-43)
(0.41382401382874856, 7.415980778141036e-44)
(0.6451566430312261, 3.162837341784225e-42)
(0.9774098014268029, 8.601462306513695e-44)
(0.330429835657797, 3.6340778457440115e-43)
(0.7791751653966922, 5.394665759300007e-43)
(0.5451030498155791, 8.385621764233031e-44)
(0.4954253901953515, 1.0430671270933983e-43)
(0.8575984641303394, 1.1948835527749221e-43)
(0.3978775400996781, 1.2163636893062476e-43)
(0.7124203079668907, 4.548830973254447e-43)
(0.20915700449544772, 5.954504230144208e-44)
(0.33475975762011295, 4.759813342902448e-43)
(0.8056760654794125, 2.6859442693239644e-43)
(0.09159245877758077, 4.457235202222915e-43)
(0.26475916890208195, 5.968675435927123e-44)
(0.3343741894724248, 3.876646859851441e-43)
(0.6066588860973612, 8.358036849352447e-44)
(0.21263666159304076, 5.407971470323685e-44)
(0.37266320863896807, 4.258247439361876e-43)
(0.8836090632953508, 8.099275445971331e-44)
(0.5403275240476284, 9.992229187480864e-44)
(0.9588262995784337, 6.915775051185842e-44)
(0.9730701797987015, 2.769677152163475e-42)
(0.427933236695401, 1.008038195242019e-43)
(0.6945179082641143, 9.106306042601113e-44)
(0.8623103085474727, 2.2161029179612457e-43)
(0.9092057441554575, 6.087609054231259e-44)
(0.042307302319190485, 5.616150910658131e-44)
(0.7470538998253065, 1.7914236605573308e-43)
(0.7038497721468789, 5.489088135634815e-42)
(0.04620998980322658, 5.480121447275287e-43)
(0.46789187554258915, 1.7434275296914017e-43)
(0.3750985252492174, 7.62617552273794e-44)
(0.2530110390179019, 5.063461912393755e-44)
(0.5534870049397776, 1.3335588835732037e-43)
(0.7269066616637972, 5.065712641639367e-44)
(0.31511511482492166, 1.269711493800136e-43)
(0.19485259852724726, 8.1089823628118e-43)
(0.44496657705551124, 8.662515277118052e-44)
(0.16574265919272432, 7.444865868088726e-44)
(0.25365007878367374, 5.119340826736386e-44)
(0.018099508330881968, 4.663585318199488e-43)
(0.8124331202794571, 6.484738891273079e-44)
(0.4042053937859547, 5.222314595121807e-44)
(0.8630128342115528, 1.2329866900117932e-43)
(0.7141889738208095, 1.0114200306225764e-42)
(0.7698677037045522, 6.242961237944225e-43)
(0.805899073420886, 1.0338919002708405e-43)
(0.25351594870159544, 7.737682426067859e-43)
(0.45111057098358087, 9.756425404202839e-44)
(0.908529439037722, 4.632858952540331e-43)
(0.30208981722499445, 6.541678847851961e-43)
(0.9664845945673407, 6.793772243562587e-44)
(0.636045997976264, 1.3843910728225922e-43)
(0.9379224465858864, 4.568330960395388e-43)
(0.7461626425938478, 3.920701092344462e-43)
(0.03875359842491325, 3.1006511204362857e-43)
(0.5127707283558685, 3.71764865454757e-43)
(0.8584798037438046, 4.91468974071895e-43)
(0.23790470961515056, 5.470770878689892e-44)
(0.9497519590259024, 8.686360031563128e-44)
(0.36461981036170893, 1.6765997833178127e-43)
(0.9237817423512399, 1.6867517719431029e-43)
(0.39700581927413453, 2.6836447711992525e-43)
(0.7040911354542135, 6.111086911120538e-44)
(0.1062850115092671, 2.9344369646515148e-43)
(0.10978409319177795, 6.030254122560735e-44)
(0.5530351747288911, 5.754315221993653e-44)
(0.2966348190392193, 1.921070013128834e-43)
(0.535780424026685, 8.802677164730843e-44)
(0.30549091072107215, 2.0915638922175307e-43)
(0.9993366197275501, 3.008529412415494e-43)
(0.9283575382463317, 7.043217094875855e-44)
(0.9656787283319475, 4.4791880347553454e-43)
(0.7201860621057322, 7.57614119364749e-44)
(0.6939025168789483, 1.58771928364683e-43)
(0.29531368820681264, 1.478889433954502e-43)
(0.5061519228475477, 1.6398512096044104e-42)
(0.2725175916502821, 2.5638464430348734e-43)
(0.671146573305268, 3.2965495654208925e-43)
(0.912957247483576, 5.47136154653776e-44)
(0.33038040670232105, 7.277842305070446e-44)
(0.07905070231409114, 7.011806259129068e-43)
(0.5191193337337413, 9.517341557572006e-44)
(0.6382766556580366, 1.2188830804563985e-43)
(0.2568057286390373, 8.941779444188964e-44)
(0.48831723098217134, 1.1397401772204606e-43)
(0.5414556169838299, 1.477228237455945e-43)
(0.49603145108507657, 7.955841331918903e-44)
(0.5447504064278222, 4.330500030983862e-43)
(0.6244468227331291, 1.0861974710071121e-43)
(0.30013448841918716, 1.7241620501495703e-43)
(0.7342985494564239, 8.17860738881859e-44)
(0.7197621828106101, 6.195896304001527e-44)
(0.11105029237778791, 5.302729545344379e-44)
(0.10614026397779801, 2.824434052746524e-43)
(0.6955768284065826, 2.222296822646672e-43)
(0.03835622341451059, 8.830011544999914e-44)
(0.629933231185954, 1.0789396424452855e-43)
(0.5747960779478235, 1.1909917651001974e-43)
(0.45228633876325486, 8.000632056014454e-44)
(0.25206522443781154, 3.751509754363871e-43)
(0.20756627121488386, 6.413038256503918e-44)
(0.6393991827611646, 5.388024037126979e-44)
(0.7309598824681175, 7.703217883890676e-44)
(0.20033885213078143, 1.3934933351640756e-43)
(0.6252863092242346, 6.964238839440173e-44)
(0.8821369782337054, 2.3127604534683665e-43)
(0.3276701207687592, 1.1480058391202203e-43)
(0.6455326891743718, 1.222550510541199e-43)
(0.03583119873165094, 1.027822672034532e-43)
(0.32250021925922695, 9.672354755140108e-44)
(0.028268936226930597, 1.0682120858765764e-43)
(0.42219446075874634, 1.3704006284981953e-43)
(0.49915712738349777, 1.2340281211330035e-43)
(0.8749665359151029, 5.122310874297556e-44)
(0.8466278294721661, 1.282280281052755e-43)
(0.9124261489545759, 7.964261553054063e-44)
(0.20049923742863415, 5.890249803770499e-43)
(0.7797702548595442, 7.409231234627784e-44)
(0.8747375853750166, 6.116580424529142e-44)
(0.014418632593373407, 5.73191261637273e-44)
(0.08890171859613379, 2.641589616287235e-43)
(0.0012068618470412588, 3.431509487220643e-43)
(0.8076233582925187, 1.0991483457451284e-43)
(0.4689244807416321, 5.230112449109219e-43)
(0.10878107855194402, 7.546411474890702e-44)
(0.21995716995650483, 1.2907510022066838e-43)
(0.8185610129843977, 1.2205615447288325e-43)
(0.14949743738274138, 3.5014222281707554e-43)
(0.0015056024881587552, 9.590129388457627e-44)
(0.5090755157033556, 2.877601582545564e-43)
(0.024846460725268443, 1.2866517251424441e-43)
(0.46057291719648774, 1.0357974814021747e-43)
(0.7450040299132574, 5.562810464255223e-44)
(0.5252189250689517, 5.928727480967079e-44)
(0.07053798076549066, 1.4337500790432924e-43)
(0.5209624906421747, 1.261129833508872e-43)
(0.6887459254723728, 9.311215658629202e-44)
(0.24202005708969107, 1.013566323772354e-43)
(0.13607530024220996, 9.368098542000925e-44)
(0.6991286636640867, 8.425905496958289e-41)
(0.05494443325717217, 1.1554622735043114e-43)
(0.8575648566711019, 5.696845019687383e-44)
(0.9462831151526213, 3.54175555144788e-43)
(0.44748673520756194, 5.26930528518817e-44)
(0.6091506913280683, 1.54965944164932e-43)
(0.5308113797536447, 6.706363569658575e-44)
(0.46738887741130886, 4.289032435459736e-43)
(0.9488672494229901, 1.1997319787134983e-43)
(0.3360096537994952, 5.5810847846265e-44)
(0.20570101102626, 8.062673644824745e-44)
(0.8317502637401084, 7.003139154456388e-43)
(0.47953768596793506, 6.599401503410105e-44)
(0.45369036898013543, 8.954398570739833e-44)
(0.9826836312757287, 7.348860850775448e-44)
(0.01048042693494445, 4.049322529159926e-43)
(0.35352027873234887, 9.922212115117397e-43)
(0.5223241481259826, 6.184704781947659e-44)
(0.23137500103779599, 5.147819291395112e-44)
(0.7938815517123146, 5.914220702513655e-44)
(0.5833896943819535, 7.65560055871578e-43)
(0.6710974882468266, 6.321023896835808e-44)
(0.2799552728853795, 1.3964277394098545e-43)
(0.8030749899827163, 1.5561849435865648e-43)
(0.8381103177196984, 9.629768877900402e-44)
(0.7987889737040769, 2.0541897247275628e-43)
(0.7397678660120461, 3.1246826744780118e-43)
(0.45841919878742277, 6.918379843620926e-44)
(0.15868308912900686, 1.4590869037313468e-42)
(0.5017823024996063, 7.635706358433238e-44)
(0.24041437598132598, 6.697014076537408e-44)
(0.9450975820897031, 1.0307080130832946e-43)
(0.6601834194009524, 5.129753179737483e-44)
(0.04822035379143871, 4.670811973485986e-43)
(0.9016649468482826, 1.1369235011818366e-43)
(0.4931256423551307, 1.4824961450160477e-43)
(0.3219026848575354, 1.4810007633751802e-43)
(0.5515583812138518, 5.731507213576289e-44)
(0.20584571788785141, 7.748411513906625e-44)
(0.9873360152726106, 2.3985633925688018e-43)
(0.2315561015959037, 7.331168781958342e-44)
(0.08629858543145749, 7.483575274670958e-44)
(0.7203305950574516, 1.1941748367303038e-43)
(0.24067602251783152, 4.072536484638581e-43)
(0.6275150799213031, 7.305747459029745e-44)
(0.6526003708467064, 1.2852529168534955e-43)
(0.8361937596671649, 6.732669489973379e-43)
(0.8166973634727634, 8.262313629182001e-44)
(0.1052362200366022, 1.5797706590305216e-43)
(0.5873047370227327, 6.608622552124677e-43)
(0.2886366989915531, 9.674431895505354e-44)
(0.48302776728928437, 8.448451894519628e-44)
(0.31722055252884124, 5.680298236969973e-44)
(0.4138848413002954, 5.37696674607342e-44)
(0.017638754294588648, 6.884890879907132e-44)
(0.5573875070509686, 5.230289577303241e-44)
(0.5331066652274097, 3.625009817818379e-43)
(0.6982949704617496, 6.445835118626521e-44)
(0.2695379620145045, 7.06567259482832e-44)
(0.9592982640016188, 6.421096027510138e-44)
(0.5795507983141408, 5.439781962686116e-44)
(0.17648576251705844, 2.103204258005152e-43)
(0.6863372316022468, 7.310861961150673e-44)
(0.9283649044492108, 7.548717603315515e-44)
(0.2486138624948214, 5.304627399709888e-44)
(0.026070904177375953, 1.534458103896025e-42)
(0.8854006361910602, 1.1790331402331745e-43)
(0.09945032670160328, 8.566618336213257e-44)
(0.13591886535187309, 7.460253068410228e-44)
(0.5724850296073936, 1.1414154968697724e-43)
(0.3588553346412965, 6.88691578232362e-44)
(0.04763937963089524, 2.5673835158663483e-43)
(0.7895498684685813, 5.970686476205433e-44)
(0.47181525495378074, 8.21021676247898e-44)
(0.36229739928369237, 8.626811747959622e-43)
(0.6804552927821735, 1.7050900923813537e-43)
(0.6104248461881301, 7.844853503834417e-44)
(0.11208274177508679, 4.487290516949306e-43)
(0.5031534344399804, 1.1493332321386727e-43)
(0.8961554160200337, 7.116261654304573e-44)
(0.945098548425264, 6.536129645500425e-42)
(0.7071101463898731, 7.238825742908464e-44)
(0.9864853258509086, 5.553218250445902e-44)
(0.12571036735600608, 1.0133147223255946e-43)
(0.7543467079662336, 5.811876345475229e-44)
(0.5694065425720625, 6.292884434321254e-44)
(0.03938061009890205, 4.6354851765478724e-42)
(0.8423387666614113, 1.4553782877695783e-43)
(0.32000648879179217, 7.283196564670159e-44)
(0.16002510990663918, 7.960835936310901e-44)
(0.2701599678523635, 7.781578896719296e-44)
(0.49593114373780867, 5.05100413206561e-44)
(0.016626469469982214, 8.382600418171258e-43)
(0.5893021366767248, 6.174650631164133e-44)
(0.695835322950877, 1.969038941733365e-43)
(0.8019025970037904, 5.47987682828845e-44)
(0.0857739126092688, 2.361650432116172e-43)
(0.8921907610129828, 6.50475122696609e-44)
(0.6949226829225461, 5.703046638355916e-44)
(0.5362491974325042, 1.0343819397637948e-43)
(0.582120884962883, 6.375479006291109e-44)
(0.24403885320461052, 1.8648134414131226e-43)
(0.2812658931436337, 1.1223047276799521e-43)
(0.09199046157941164, 8.19737881542412e-44)
(0.8280019046517731, 6.806773958393023e-44)
(0.9613519074769098, 2.4395207196745485e-43)
(0.6179126218533681, 1.207800433858542e-43)
(0.5415930263628718, 8.054797952209921e-44)
(0.549036588269981, 2.4124005558062926e-43)
(0.2060147348507966, 5.215095381941769e-44)
(0.9583322866767341, 1.6248495044282056e-43)
(0.08240504410210733, 1.052968912868695e-43)
(0.6663776380670066, 1.683230449730964e-43)
(0.30017387311035476, 6.892167165415475e-44)
(0.6896958767917143, 1.1612110676622946e-42)
(0.4262248411363794, 5.584004309677752e-44)
(0.40993559165508714, 7.63841158819481e-44)
(0.549345694368609, 3.802868658691088e-43)
(0.5613116264502908, 5.710505329371046e-43)
(0.43988584948323634, 1.1981066294522245e-43)
(0.7218404245593274, 1.5035342058426736e-43)
(0.8856701697229955, 7.867757379698962e-44)
(0.9547279708069638, 7.65146495966832e-44)
(0.9730001105028492, 6.147637113313885e-44)
(0.8846758568654225, 1.1057318941009445e-43)
(0.5474178218522601, 3.908786825560923e-43)
(0.8674601896845061, 6.906773014005719e-44)
(0.9105633645169003, 5.089369226788652e-44)
(0.7228104204028241, 1.4204427068493167e-43)
(0.7444633408126473, 5.194081050100189e-44)
(0.6106372189126156, 5.652934852749719e-44)
(0.02341357840667161, 1.7286075295931094e-43)
(0.26387601144639444, 1.7713107005212123e-43)
(0.6557145485883218, 4.42831582836892e-43)
(0.32595622990270096, 1.4838616655950175e-43)
(0.5377689874831312, 9.860725788445304e-44)
(0.09318280650903557, 7.976210856986376e-44)
(0.10844877651886782, 4.8875736016658e-43)
(0.24036796877625793, 3.422735709964092e-42)
(0.2931836535837931, 2.6458006958391275e-43)
(0.7369590975161966, 1.5656541256943485e-43)
(0.31176323208451834, 1.9945619532805615e-43)
(0.10012301133790392, 7.842552826268233e-44)
(0.986550400623317, 1.000087136843733e-43)
(0.8851900420872104, 5.100964077768029e-44)
(0.9128027491011933, 2.3450717364918387e-43)
(0.9336127397297176, 1.590591493036039e-43)
(0.9723207973814061, 6.828209516289776e-44)
(0.7246684731095712, 1.0767637122589889e-43)
(0.3061522856346317, 1.6408322347863354e-43)
(0.12628221029699524, 3.1092605538502832e-43)
(0.7099704747542569, 2.8352402713249397e-43)
(0.022809197786200733, 8.450280417570164e-44)
(0.34048069725898555, 2.4129631045969727e-43)
(0.3904973839743207, 7.211973909456483e-44)
(0.36519789786328316, 6.420603149472834e-44)
(0.32138958964752035, 2.041426063265558e-43)
(0.7155012597214515, 1.392692712544075e-43)
(0.7052963310413949, 1.0584371017122708e-43)
(0.8619789809986061, 7.531494775752285e-44)
(0.32115546365720177, 1.2655886875507381e-43)
(0.42732810659455306, 2.2713164648129437e-43)
(0.6076177087019049, 5.017282814178646e-44)
(0.8524964354072233, 5.905958398643875e-44)
(0.2531273121218449, 7.757883194850593e-44)
(0.8376123792031472, 8.825635886727704e-43)
(0.009632669574613315, 5.12905623373026e-44)
(0.5455738878740367, 5.105153474633605e-44)
(0.503400219906878, 6.27348248294701e-43)
(0.39189027433443735, 1.322101130548208e-43)
(0.41913657326385334, 1.3658972313501316e-43)
(0.4498306369122975, 1.2463913934884816e-43)
(0.7032655462335021, 1.000058988032299e-43)
(0.8478554354670818, 7.490286414767587e-44)
(0.5763587742434955, 5.792636479529577e-44)
(0.01605875636640281, 1.9656312538612015e-43)
(0.06259211980994553, 1.0237317534080173e-43)
(0.5556422376077634, 1.2872319421857707e-42)
(0.1957061018584285, 1.4816786802305757e-43)
(0.9567898162723923, 1.5504902007126618e-43)
(0.821401486684894, 8.253879497916906e-44)
(0.9835040295279944, 1.6844452684764488e-43)
(0.9226001298510115, 5.051658303105826e-44)
(0.46275204675114684, 5.44338899503458e-44)
(0.21907384635510285, 1.6211209171248176e-43)
(0.7045387706000973, 5.228793736842112e-44)
(0.8656792489212997, 2.7739635074315586e-43)
(0.9300692742887829, 2.004120553783096e-43)
(0.5994739241782034, 2.649597461576696e-43)
(0.79804788361861, 5.784406515515632e-44)
(0.9283471646051576, 4.87060332915153e-43)
(0.4738872847196134, 1.0541326752546358e-43)
(0.16872205875559015, 7.421483966792199e-44)
(0.2367712039055244, 1.4518615275054996e-43)
(0.8144320679657181, 1.9453341536244098e-43)
(0.70865752541422, 1.5152820742214154e-42)
(0.13615581814943936, 1.8368601380619624e-43)
(0.3953396207204248, 2.0647399268526874e-43)
(0.8037736512303457, 5.167415187246425e-44)
(0.3300468102049617, 1.0724064441578626e-43)
(0.9085662132730542, 5.7757142280508924e-43)
(0.05387767103168365, 1.4345338830444548e-43)
(0.8758384748823752, 1.4405425613520827e-43)
(0.7878358422489617, 9.299059813190283e-43)
(0.20168603793199566, 8.285534524800076e-44)
(0.8042627231957922, 1.0142464924361026e-43)
(0.3592067232347102, 5.327132885105307e-44)
(0.7919604377942279, 1.13987384451845e-43)
(0.473360956866444, 5.076792071115443e-44)
(0.7953104080553465, 4.105197209191256e-43)
(0.8314322854527781, 1.0545736742576905e-43)
(0.23206462082572846, 7.879863651113212e-44)
(0.21635630499400843, 1.6548922484886938e-43)
(0.08393320319992144, 1.5690536158696092e-43)
(0.8741519418093199, 7.366807791710128e-44)
(0.7959927362196046, 1.0679154798994655e-42)
(0.2299272624528495, 9.124840865637033e-44)
(0.7707538801036227, 5.147878971272543e-44)
(0.865449630834697, 6.0654917430135496e-43)
(0.24605732024368013, 1.1330333894073887e-43)
(0.06992591188305493, 1.4680489080361032e-43)
(0.7736525071544237, 1.0595862534301278e-43)
(0.34886435635844865, 7.396287657991063e-44)
(0.4590320480590835, 1.0766679831941852e-43)
(0.7529256762402657, 5.965452951031231e-44)
(0.2355092457773368, 1.9075643869389563e-43)
(0.89497990591349, 5.788748230363211e-44)
(0.2875693429371025, 1.0939385070251974e-43)
(0.2534219572901742, 1.776555118729508e-43)
(0.6730572952962716, 8.843425809099875e-44)
(0.6065017030478338, 1.009633214004431e-43)
(0.8060924807328784, 8.389337842415424e-44)
(0.7879687433540833, 1.7417611595261843e-43)
(0.40395281430119867, 8.732304422230039e-44)
(0.930083359462821, 6.035636980161655e-44)
(0.023316928604359063, 9.571517976770501e-44)
(0.13341804344217484, 4.339600847606429e-43)
(0.17873676969646546, 5.805120775945025e-44)
(0.5551109271214466, 8.074624294269318e-44)
(0.7949183170542836, 1.6585670914138187e-43)
(0.8187415813140466, 5.982122859896583e-44)
(0.4679981396801164, 1.1266306623095736e-43)
(0.518222400272942, 8.092196981063352e-44)
(0.18697087704412957, 5.675907141241018e-44)
(0.8860991368306117, 1.7390390550369415e-43)
(0.6421623793031013, 1.381885944647444e-43)
(0.6668214538205429, 7.998709756014502e-44)
(0.366254467381534, 7.363339950524542e-44)
(0.6108898680641781, 5.152019041209891e-44)
(0.8759637685212657, 9.343069661444507e-44)
(0.5529891157706778, 2.8562301333421714e-43)
(0.18669312311340122, 5.390809779301736e-44)
(0.44968489083272006, 2.672489615120403e-43)
(0.5011646372237151, 1.7902899728436434e-43)
(0.9059336295967544, 1.4067130743115606e-43)
(0.37055278446690826, 1.791143839015506e-43)
(0.8679295260653417, 5.238491695530432e-44)
(0.19825846046123924, 2.020062496377144e-43)
(0.32784847015571633, 5.139273579268837e-44)
(0.6827324223541043, 5.690958037150504e-44)
(0.5450320940574543, 6.735547212057042e-44)
(0.14149203339960462, 7.775700646983963e-44)
(0.771703447470737, 6.005246155083083e-44)
(0.21407133638412348, 2.2714861733275855e-43)
(0.24476078586304806, 4.7795759522172584e-43)
(0.15410052967185286, 7.937251355300112e-44)
(0.6181056397460047, 2.8498469546868598e-43)
(0.8892197512293704, 2.906155624798209e-43)
(0.5062901324188804, 8.145505623890275e-44)
(0.7222263906630382, 2.486216929572628e-43)
(0.6333289287751409, 7.528767921666521e-44)
(0.8379948704038488, 5.687553873645714e-44)
(0.7064240911946302, 2.3214923477671068e-42)
(0.7188955304299893, 5.319277136373472e-44)
(0.52287365599994, 1.088862872698395e-43)
(0.7120974132140524, 5.984958920009541e-44)
(0.30279770803060413, 6.355294838295661e-44)
(0.5302477791124006, 2.124659397903097e-43)
(0.285131607406983, 1.1719717105088247e-43)
(0.48348258335854993, 1.1853245798535437e-43)
(0.005573850249011917, 5.606634576084524e-44)
(0.5346316035376548, 5.677925422644521e-44)
(0.47882997471574246, 6.315064785433003e-44)
(0.3595951881919222, 1.2246055605310505e-43)
(0.34260986716950154, 2.838069414260212e-43)
(0.12260179686593949, 1.2918249020439819e-43)
(0.356852065387682, 8.645737121378859e-44)
(0.3210902183298304, 4.576911843295958e-43)
(0.9972535910711006, 1.1706309932207385e-43)
(0.8894974176407752, 5.823824581489747e-43)
(0.03138760897888527, 1.2953438911939174e-43)
(0.6495609901962924, 1.077935356338914e-43)
(0.23698842540177908, 1.2161868318804907e-43)
(0.5067837882220751, 5.81661615248036e-44)
(0.057109647645427974, 2.0244296516928993e-42)
(0.6200047024983291, 6.858200751155503e-44)
(0.4492291417911276, 8.349958456683395e-44)
(0.2278690042772055, 5.415067584885526e-44)
(0.2738455767674532, 8.318622558793788e-44)
(0.10070681238860868, 5.565308163545265e-44)
(0.626362636126155, 5.131543408019038e-44)
(0.3145771730454164, 1.2491731465214986e-42)
(0.9492461574475428, 5.958743365867429e-44)
(0.6505311430768187, 9.473304672378658e-44)
(0.5208121481001075, 8.809012170793836e-44)
(0.2217836818109023, 5.49810864857678e-44)
(0.56865225276841, 5.801049387640646e-44)
(0.9942436943984942, 2.295482094784134e-43)
(0.974656822511034, 7.404542573381399e-44)
(0.7527100685156399, 9.909206556374496e-44)
(0.7538862874290465, 1.1511066185935531e-43)
(0.6431766745491689, 7.074548249121298e-44)
(0.7674308223397976, 1.0555724483249924e-43)
(0.9970945537737018, 7.707039608653926e-44)
(0.496202776804097, 6.627229061119632e-44)
(0.17593607481180948, 5.158298655136267e-44)
(0.8964884086090897, 1.9126957363991258e-42)
(0.6759047793327255, 8.707133259169859e-44)
(0.5213193108802369, 1.9266834678721634e-43)
(0.7278190308704937, 5.476138842619595e-43)
(0.21281782559860296, 3.0199703731867165e-43)
(0.052330407333343154, 4.499787780513703e-43)
(0.5746232669779817, 1.2228770647456825e-43)
(0.7358904776737817, 5.708577112869482e-44)
(0.5028846718919735, 6.089862378307877e-43)
(0.7037515030623013, 7.755444714266787e-44)
(0.28388936289374267, 4.944932655184796e-43)
(0.8243190955950399, 6.484889810707417e-44)
(0.7891434478379854, 1.1526754738419323e-43)
(0.510755794718599, 6.9568809418322265e-43)
(0.10319658897028684, 1.126268592519318e-43)
(0.4501356914844464, 5.175021204456409e-44)
(0.7438134698664557, 9.197087902117776e-44)
(0.3767951292603926, 6.179702517816554e-44)
(0.8607140028685875, 3.4011766552111375e-43)
(0.18215306107086626, 5.137531437076713e-43)
(0.6692503337680524, 1.9661792669126787e-43)
(0.48660281061714933, 6.571325040198295e-44)
(0.9134696607472115, 8.49657171472596e-44)
(0.41369197765061666, 8.628798058055525e-44)
(0.2200753984031897, 5.473924405609598e-44)
(0.1869848068645524, 1.767231127388976e-42)
(0.3208941196624097, 1.0119439969393975e-43)
(0.34378014098055926, 9.643023939413974e-44)
(0.2723289515302914, 9.818851869608361e-44)
(0.6755364668581039, 5.856221245810064e-44)
(0.7271340208663611, 7.003562396625092e-44)
(0.5966053327617418, 9.853918736089904e-44)
(0.15019734919941669, 8.444200780827273e-44)
(0.11250594305568828, 9.318617282282321e-44)
(0.9181799835408399, 3.631284039709568e-43)
(0.114944939951114, 7.306631560420018e-44)
(0.44773267362967784, 2.8608652797216116e-43)
(0.5987686674371359, 7.552081893472664e-43)
(0.9414528398621835, 1.1240134308050078e-43)
(0.4478373532363372, 8.219647879588878e-44)
(0.7192144551915487, 6.838625018539889e-44)
(0.8257767133552493, 6.274237395558436e-44)
(0.5109120975099597, 6.614734336183088e-44)
(0.25130932578229914, 4.6952221911013575e-43)
(0.8143612288721128, 8.726222062174389e-44)
(0.41382695209694953, 5.745706779843821e-44)
(0.20411627778560126, 1.2936190091744574e-43)
(0.07737225163019862, 3.987753561373072e-43)
(0.1785445047418308, 8.003890539895927e-44)
(0.13074524269950458, 1.0935107982305592e-43)
(0.9428571942403848, 5.192731960984528e-44)
(0.4602148470119636, 1.1150570842607434e-43)
(0.2859255761030577, 9.417673475518828e-44)
(0.780004772570353, 1.7566982605716024e-43)
(0.9115441233879329, 1.4285011049278656e-43)
(0.4394118450752115, 6.179983098150109e-44)
(0.45640425615250607, 1.0474811488878333e-43)
(0.06706679755280899, 7.454789794806547e-44)
(0.5927776624315274, 1.873132712304741e-43)
(0.11789722188566991, 5.038065601833283e-44)
(0.7313099451361815, 2.5189886563903147e-43)
(0.13352578765670878, 7.242134491452152e-44)
(0.3070541797506325, 6.263598346069654e-44)
(0.9846076192917549, 2.378677163094358e-43)
(0.6950775900549704, 2.478157684186805e-43)
(0.803742908030075, 8.328997553857986e-44)
(0.3015896724090328, 1.2418416712581533e-43)
(0.7376406691659045, 2.0489456062481987e-43)
(0.3976769854529287, 1.7519056991866937e-43)
(0.4556343527116393, 6.014165355439153e-44)
(0.2913927695798767, 6.722630717687959e-44)
(0.6644305186561493, 3.676588999695879e-42)
(0.35068668725086954, 9.679098555906085e-44)
(0.44073612241986315, 1.1185465047867142e-43)
(0.5242251210490013, 2.2417617698070535e-43)
(0.6823754975344352, 1.0931908993217262e-43)
(0.0817082233355263, 6.269744564649864e-44)
(0.5192911238700968, 2.063063350495114e-43)
(0.939727732778461, 1.6706851889394273e-43)
(0.8661031537355285, 1.2271900984668395e-43)
(0.268528546576014, 6.050004530811758e-44)
(0.5969319527368866, 1.845855831439973e-43)
(0.29303438233500256, 1.3206126730366191e-43)
(0.2329807449144869, 2.2667641915838514e-43)
(0.44625512881058016, 3.625792640367588e-43)
(0.09170692742331231, 9.3342293371107e-44)
(0.14433887447641108, 2.6394165662956207e-43)
(0.3592770294201808, 7.591677522144526e-44)
(0.9035059856991159, 1.634710622945504e-43)
(0.8221776553551895, 1.3079664491676795e-42)
(0.8084051435447168, 1.0605874898441e-43)
(0.5471370343451923, 7.675075527424936e-44)
(0.24019379748777095, 7.601012036828024e-44)
(0.35350174962653946, 9.22757550885212e-44)
(0.023826936433066444, 1.858011970060058e-43)
(0.9517926859133646, 5.781329374705527e-44)
(0.8634559146712462, 6.933530300290033e-44)
(0.023702403973286507, 6.137717710644421e-44)
(0.945869955515033, 6.346412104769599e-44)
(0.9175468000242474, 5.795641586836503e-44)
(0.6176204423126457, 1.0726075748335353e-43)
(0.037732862422889625, 1.7287232098770906e-43)
(0.3146614843267686, 9.063215481728518e-44)
(0.1510113075337474, 9.902067060346041e-44)
(0.7217556145415878, 1.1671128986334003e-43)
(0.9751726188442902, 6.694504356672379e-44)
(0.33144682037246603, 7.030720926854493e-44)
(0.25601490369407237, 6.16453760014875e-44)
(0.75606651131209, 2.9965073454218264e-43)
(0.7554826801803766, 9.45171139246486e-44)
(0.24478763764785466, 1.2028739909078597e-43)
(0.33574176049841586, 2.5866313289337395e-43)
(0.6652007556417635, 5.400892781093989e-44)
(0.3932716116249691, 1.0366011175886245e-43)
(0.5009816988118836, 1.6227169375577092e-43)
(0.6737297323361117, 6.536864756115781e-44)
(0.7070798261450909, 8.857292691983843e-44)
(0.6001747642204001, 1.1166736415013365e-43)
(0.8678111214890627, 5.826157080765114e-43)
(0.3209396978271998, 5.052678088497474e-43)
(0.6507080657060237, 5.229645262250488e-44)
(0.5077363785521306, 1.2091673613012733e-42)
(0.6640178944407927, 2.7508268587509763e-43)
(0.5492479764288124, 5.556280658720724e-44)
(0.25073794809860384, 5.3310752129151234e-43)
(0.5089915661189368, 1.4404541431837367e-42)
(0.824470422587159, 5.71694181698939e-44)
(0.9514126449661583, 5.996634844314785e-44)
(0.6383906866014396, 9.784971558127475e-44)
(0.6860013059348782, 6.14028178002202e-44)
(0.9585512760284757, 7.744416350519973e-44)
(0.3959207716704884, 1.6697722904740035e-43)
(0.40522047458972343, 8.529914445857084e-44)
(0.7478672717797074, 5.516429016066094e-44)
(0.8047826324632661, 1.0243773472924524e-43)
(0.41705939322145047, 1.4781316417771764e-43)
(0.40648099699390944, 8.253614153143792e-44)
(0.000988786380770469, 9.011104905441873e-44)
(0.9126621676384383, 6.910563377515004e-44)
(0.669746085685411, 7.773982968509753e-44)
(0.4299526326647268, 7.694130241083468e-44)
(0.7850966568055642, 4.533550269183358e-43)
(0.1671281850622615, 1.1403531155201316e-43)
(0.2589957052455039, 7.004416895225527e-44)
(0.6852029917965038, 3.5785502445125817e-43)
(0.7589750405511249, 1.2457486150231277e-43)
(0.5200220175873919, 8.439840407405798e-44)
(0.1570673337352533, 6.141219577753788e-43)
(0.366823700109163, 8.272696530101643e-44)
(0.7173923435299653, 6.394727295676426e-44)
(0.7016860545531294, 5.204909570995631e-44)
(0.9059597532475662, 1.644524341837739e-42)
(0.2071375070330427, 2.139740244552426e-42)
(0.8675640749287536, 1.1579873760795544e-43)
(0.9576944183349456, 6.351436048633902e-44)
(0.5790261407633883, 4.857984311883049e-43)
(0.24364248225199603, 6.208310770407125e-44)
(0.9704734459163024, 3.805526670272349e-42)
(0.5234509159635616, 7.352594919228729e-44)
(0.11789352223740855, 8.319304622806007e-44)
(0.3531510883175725, 8.599182267393473e-42)
(0.8423460651617214, 4.0156656596962215e-42)
(0.2506362633862679, 5.761108240261549e-44)
(0.9203486417839616, 6.010784971414615e-44)
(0.7591504294021993, 1.7209003593285014e-43)
(0.6636680765253314, 5.346012376271764e-44)
(0.19623167347880113, 9.527754683148954e-44)
(0.19761914501649727, 5.499759235062304e-44)
(0.14818429056707194, 7.581227043145715e-44)
(0.9490143780774927, 6.571139082502453e-43)
(0.6008749117852235, 6.687124983689006e-44)
(0.7913261832669675, 1.6703489161544338e-43)
(0.41442153635248696, 1.4663532609611007e-43)
(0.076621239062682, 7.129492910895357e-44)
(0.4337821318216815, 8.208807698712073e-44)
(0.5222103597360392, 7.174338019577721e-44)
(0.371010939570091, 6.751533656110202e-44)
(0.8755947151802309, 5.298079202380821e-44)
(0.3708793358369823, 1.395136449101321e-43)
(0.08462960172875843, 6.378145440311423e-44)
(0.955051767634528, 8.926929120741984e-44)
(0.4513312566059734, 5.078525621817585e-44)
(0.606208610825172, 6.826836474170982e-44)
(0.45409471709327737, 1.4612836288648307e-43)
(0.9127729014061516, 6.472479725216382e-44)
(0.49756453943052276, 2.4376983629857214e-43)
(0.6855310703485308, 6.709573551363061e-44)
(0.5920128280210865, 6.159830648017593e-44)
(0.8773232465271643, 5.019911065128114e-44)
(0.05790679644757095, 7.687103416288883e-44)
(0.47991556373249017, 2.165380660503885e-43)
(0.1523997412632959, 1.1480934868560422e-42)
(0.9074177287881317, 1.184891480362139e-43)
(0.8871981762149191, 7.755035734457669e-44)
(0.6187012114319627, 1.5316388298427058e-43)
(0.5669632838628644, 5.776680034012716e-44)
(0.10311771673953837, 1.651595923911516e-43)
(0.6361170991897199, 6.211663252513791e-44)
(0.15181215644786286, 1.0227469868714329e-43)
(0.5888850095926987, 1.4083857246859009e-43)
(0.33012765390737975, 1.8158610098157178e-43)
(0.2866892014951736, 2.987586873809442e-43)
(0.12131812873573425, 1.3654471483364064e-43)
(0.6504055684224083, 6.734950975318177e-44)
(0.18864764255265032, 5.770616191623031e-44)
(0.6558461228962067, 1.86199749249183e-43)
(0.06208707550164195, 5.151047784283924e-43)
(0.11883954281036964, 5.215671644320621e-44)
(0.34354103430552657, 6.156084564550952e-44)
(0.1820829307278048, 5.64433198429069e-44)
(0.6264042287353118, 9.862861808193614e-44)
(0.9947481560225999, 7.884157474408571e-44)
(0.45904604380626696, 6.513200228614464e-44)
(0.3851300191179659, 1.1392178074399677e-42)
(0.9029628466472118, 5.992447819767175e-44)
(0.9791500557432639, 5.632111678172392e-44)
(0.2521143472341465, 1.0442821966900253e-42)
(0.2537722482190495, 7.358577848409628e-44)
(0.93721979775597, 5.203409430680991e-44)
(0.8103048625726943, 8.13083030583568e-44)
(0.7889052809414173, 4.874787809517499e-41)
(0.8311713042441101, 1.4922235472488496e-43)
(0.05302004847154648, 1.0427827408273963e-43)
(0.9309876429193276, 6.731769296939178e-44)
(0.42427508815700676, 5.697270376805535e-44)
(0.29398206063149734, 1.301199727987179e-43)
(0.8246170813815608, 1.3458748269455384e-43)
(0.358738105907503, 6.437566278532141e-44)
(0.8474080647621416, 6.759810632862416e-44)
(0.0673402511104847, 3.0896630768817652e-43)
(0.5826073703657235, 5.286240771905919e-44)
(0.6425839256289407, 1.1213589833614368e-43)
(0.8777857902961511, 2.860194363801992e-43)
(0.29269983886457884, 1.3562879315742086e-43)
(0.5019075082617046, 6.950052120605013e-43)
(0.8513852697602049, 5.251583667877536e-43)
(0.3352631357128653, 4.0505723126679636e-43)
(0.915030658917107, 6.053497752482702e-44)
(0.6143764291656073, 6.7727849734866125e-44)
(0.005140536188878374, 8.752022762098552e-44)
(0.641883556297317, 5.236528723953982e-44)
(0.5126327137193533, 1.9840276849098252e-43)
(0.6091756812059543, 1.008486550272929e-42)
(0.7265351964609147, 5.883910438622695e-44)
(0.10326392733542471, 8.882724522378104e-44)
(0.8475100085430475, 1.2186551193479337e-43)
(0.8694613415392636, 5.576338851126501e-44)
(0.8636381791589803, 2.2441911692541613e-43)
(0.8476952764221368, 6.579355179098542e-43)
(0.25661258618614136, 2.28651063942348e-43)
(0.8655327143839576, 4.563466118311094e-43)
(0.4989154904353653, 5.362449980225182e-44)
(0.7055962610489863, 1.474889544852478e-42)
(0.5685857078283173, 2.314804360334998e-42)
(0.4976300221476566, 2.1415163541582473e-42)
(0.18607800788891843, 2.565192128845254e-43)
(0.09867558694982168, 1.4838511597297462e-43)
(0.6995720208790562, 1.1398719260226698e-43)
(0.9084683769496046, 1.9171795384547963e-43)
(0.026098028652931905, 1.798231232086965e-43)
(0.20864275686927486, 1.8212670445600454e-42)
(0.41282150691615616, 9.182552396418802e-44)
(0.2609584557842796, 7.009962288174964e-44)
(0.039651172072224565, 1.2021196919156568e-43)
(0.3276113818071746, 1.134931461138265e-43)
(0.2416217370802893, 8.958408223424912e-44)
(0.9300390335334106, 1.0607016427527631e-43)
(0.8394191003047289, 6.402387224492483e-44)
(0.6741532451666322, 1.035218950114628e-42)
(0.8771073692575867, 5.810288028162869e-44)
(0.9137592539568551, 5.359245367224764e-44)
(0.7692272882609706, 2.913402621373874e-43)
(0.763783005301127, 5.858960934974274e-44)
(0.6556954528304424, 6.455457721791888e-44)
(0.31976234648992624, 7.801129279185952e-44)
(0.38938587861668733, 2.1625355960724638e-43)
(0.6613203004049357, 1.0832794988656228e-43)
(0.43942741362890975, 9.24276482977294e-44)
(0.005317950783954047, 1.0359680784880858e-43)
(0.9483546888417181, 5.032234125345446e-44)
(0.6399058578967475, 1.2774279901484014e-43)
(0.22209551669694452, 5.880331796404525e-44)
(0.4663214350793543, 7.689000285239637e-44)
(0.12181299253454343, 6.615579794175941e-44)
(0.5131363880710265, 5.170384474695647e-44)
(0.8366686478797624, 2.249507393948555e-43)
(0.5883146494799829, 4.564648578752643e-43)
(0.3861085318183009, 8.320584767979354e-44)
(0.5777125702963416, 2.828444293306426e-43)
(0.6232215702592709, 5.186693369968819e-44)
(0.48716234346960047, 6.896449984247411e-44)
(0.49951511909983476, 6.054378042661866e-44)
(0.13182912887093662, 7.216867588625437e-44)
(0.6700574236995104, 1.169894061550795e-43)
(0.2808217602874859, 8.69610230434776e-44)
(0.14111341422071544, 7.108113229065427e-44)
(0.8840430682078916, 2.9799746539733996e-43)
(0.05877459703125372, 9.637470031467429e-44)
(0.0652340489764492, 1.594059324462856e-43)
(0.007963775619692047, 1.7635907596460468e-43)
(0.01970394929807428, 6.222570904690024e-44)
(0.6531379987765384, 1.516332620930197e-43)
(0.913943508676938, 4.058743381930969e-43)
(0.659744011401181, 7.919668883350519e-44)
(0.4718311995855325, 1.1381714634413486e-43)
(0.4353889376302648, 9.052455719477823e-44)
(0.1267376043335951, 8.251025045169213e-44)
(0.6978993477168794, 1.7487846087885958e-43)
(0.21142229358375955, 1.1969893260500697e-43)
(0.4390658898594292, 8.209072413062657e-44)
(0.42796891121150904, 8.401025306324171e-44)
(0.12966323699360663, 7.350507258961142e-43)
(0.48189932279476594, 2.270576937792002e-43)
(0.5607812491037918, 6.105761763160133e-44)
(0.8311959632236026, 7.382990098625105e-44)
(0.22879770903166738, 4.805633645520019e-43)
(0.7346185485216824, 1.166132089806666e-43)
(0.8202175550589262, 7.014133450255243e-44)
(0.8850929317778403, 6.756720145295035e-44)
(0.10457982215129412, 1.3548302901962307e-43)
(0.7890480835895208, 1.188251486029806e-43)
(0.788724052690078, 5.321782073227388e-44)
(0.5919911388645196, 1.7002320271180099e-43)
(0.5683926238849059, 1.9085332639161534e-43)
(0.7345689035811155, 7.826742040231345e-44)
(0.38138292468021556, 1.2002628581285552e-43)
(0.8442456562181401, 1.2371683172602677e-43)
(0.3054564349162551, 2.0399145027985514e-43)
(0.9754499271517119, 1.7095028368278479e-43)
(0.9166487516448001, 2.5761811028340104e-42)
(0.1576137678046638, 1.014471300291382e-42)
(0.6343412372963093, 2.274321785593046e-43)
(0.2821078820978784, 1.388804798740051e-43)
(0.3313641699126269, 8.281092639869574e-44)
(0.7245106808124525, 7.180007231530385e-43)
(0.1732390654953259, 5.237813384607609e-44)
(0.028338969645222752, 1.200149617174085e-43)
(0.19248426305143349, 7.619679731272112e-44)
(0.7285212208487835, 7.538727502414155e-44)
(0.9929024270550453, 1.358208709723503e-43)
(0.6365461950534715, 7.245285923918274e-44)
(0.8126703392999242, 2.2410636571369974e-43)
(0.10611706012926836, 5.699474470620562e-44)
(0.5777152965028092, 5.852423274054381e-44)
(0.3880457083211764, 2.424005035299371e-43)
(0.5116615532134875, 9.597261722728648e-44)
(0.8233784462943855, 3.3506902524262364e-42)
(0.9404441712573478, 5.135980763718987e-43)
(0.18988974290498617, 1.345123568834396e-43)
(0.13871691704486785, 7.350424491456118e-44)
(0.8604540724953572, 1.5375013860039372e-43)
(0.27892827260695086, 5.229872482388704e-44)
(0.23538275480114457, 6.398259960744447e-44)
(0.19294052427977015, 6.137871759733953e-44)
(0.3774087479292633, 1.6055287634476457e-43)
(0.1395556320336134, 7.207895550539664e-44)
(0.6883136390096771, 1.0260884161112159e-43)
(0.5117318893810927, 7.430016880924824e-44)
(0.2888570568525338, 1.3771819367273626e-42)
(0.6753342068623214, 5.333322576787832e-44)
(0.637818295584428, 9.994957911020293e-44)
(0.5879029754271798, 6.723312786316123e-44)
(0.6465028559375896, 3.2749713761436056e-43)
(0.2496835135828778, 6.170083601243728e-42)
(0.4711284622847758, 9.886539440773327e-44)
(0.16244465130426355, 4.066488930741473e-43)
(0.7492758955291865, 4.628055210021064e-43)
(0.9227976553323017, 7.691290693050402e-44)
(0.8849352760466328, 6.950783006560995e-44)
(0.20256405246585324, 1.073300200945436e-43)
(0.11537449170874593, 2.2783067193998948e-43)
(0.15558444584259068, 5.686920319223358e-44)
(0.9376867741306324, 5.323688593409041e-44)
(0.11895791054294019, 3.224500810398735e-43)
(0.8581517991087266, 8.276311060946506e-44)
(0.21366607056284134, 6.4451597587081e-44)
(0.8412630793318495, 6.179187266909486e-44)
(0.3403869605743637, 1.1317694045768746e-42)
(0.44206798343823517, 1.0976443038053251e-43)
(0.38242607157923464, 1.0111559784779604e-43)
(0.37604445718753643, 6.244951784427371e-43)
(0.7023443469273001, 1.4495082154265563e-43)
(0.809453867753299, 5.655518012516925e-44)
(0.023437985261763942, 5.107808231731571e-44)
(0.33184059261455384, 8.342332740290977e-44)
(0.1969076281141361, 8.749030612619667e-44)
(0.6591757765790117, 2.086823097250916e-43)
(0.10853376747354644, 3.4311919347868036e-43)
(0.7249390160724214, 7.758221373072256e-44)
(0.8766551999429079, 6.847895304620586e-44)
(0.4470874541394408, 3.658815784782088e-43)
(0.23487240257557224, 5.110798515900525e-44)
(0.35427300743250145, 6.066752995296902e-44)
(0.23234465196926282, 7.724222957449715e-44)
(0.8093861202157613, 6.187097593098355e-44)
(0.7147945538246799, 1.2225772935230946e-43)
(0.4905854952351489, 1.5035469914218172e-43)
(0.11864350773349441, 2.4199555457510702e-43)
(0.007862949867475854, 1.4758201087708737e-43)
(0.41678686291412886, 1.4264180844631338e-42)
(0.22784710005855952, 7.88880023771046e-44)
(0.9289216555592027, 1.404256347683245e-43)
(0.23713610116338119, 1.0061591829938792e-43)
(0.6389103005511225, 5.438620023204028e-44)
(0.8354209423841318, 5.117910063930835e-44)
(0.1181686829315835, 9.629629054091378e-44)
(0.568526098863236, 1.8982150941515653e-42)
(0.6209414610679975, 5.035609703862915e-44)
(0.697781367391215, 9.653329882915072e-44)
(0.6131740380772366, 5.131339843908841e-44)
(0.8385314234423773, 9.208072865872227e-44)
(0.7998394081444764, 5.44374335201849e-44)
(0.817134396210858, 7.400001117620613e-44)
(0.43972871557048904, 1.5443734189123419e-43)
(0.6695366116004117, 5.454396172000673e-44)
(0.20138861750636725, 1.4973795673482656e-43)
(0.09599003183248526, 3.722439643153368e-43)
(0.4249023223978817, 9.063634062688764e-44)
(0.9594732879359021, 7.636887497408223e-44)
(0.09903232779547962, 8.748350508290961e-44)
(0.5000180035951368, 5.824254501204976e-44)
(0.6800196762218429, 5.444251346501421e-44)
(0.2940657150787579, 6.11884949393895e-43)
(0.7891234961286515, 9.126190136867509e-44)
(0.5290311822214857, 5.730398302893539e-44)
(0.5291545510952997, 9.73270292939296e-44)
(0.34183471698606843, 1.0178969986290598e-43)
(0.12357440061183646, 9.960194857964262e-44)
(0.5378507110909821, 1.1506769193519102e-43)
(0.24489963642405638, 5.422217461780826e-44)
(0.13559235329509828, 5.878856364027456e-44)
(0.24045832766520642, 1.0540639815268854e-43)
(0.22224091274893165, 6.151598599556824e-44)
(0.15617109734212145, 7.956850002785367e-44)
(0.828013487948871, 1.5354054642247974e-42)
(0.9517966600614083, 7.027747381135653e-44)
(0.8157860420744245, 8.527837844485124e-44)
(0.771245449476159, 2.805862191304209e-43)
(0.7379159345618154, 8.408348515717895e-44)
(0.5694278659210811, 1.135183592463041e-43)
(0.40971415711109027, 2.610268390618454e-43)
(0.6593647950596818, 5.094990560712036e-44)
(0.10393787078383787, 6.58486680549988e-44)
(0.323512739813437, 2.774200000255555e-43)
(0.20639816408749362, 8.805877971265375e-44)
(0.5646424338494772, 1.7716997073504712e-43)
(0.5375992573690777, 4.028443380173863e-43)
(0.5100303976816543, 5.047917719012963e-44)
(0.8119262119840311, 2.3602790706576222e-43)
(0.887485394149147, 6.99791065631585e-44)
(0.047368830219635887, 3.1175042772139615e-43)
(0.9335718387625467, 1.3248715786333187e-43)
(0.09803935232245639, 1.9676151633875926e-43)
(0.6952153553484818, 1.380075197595209e-43)
(0.8652583772359025, 1.3347005777315659e-43)
(0.11518971758936769, 1.3409911443629127e-43)
(0.46548913383867085, 9.026727981856224e-44)
(0.40924665131780424, 4.658060556142321e-42)
(0.33378907572596334, 6.609048387259697e-43)
(0.4325477746027806, 1.014542164959283e-43)
(0.1078113967642132, 6.572732179562951e-44)
(0.5638434525890771, 1.744228436418085e-43)
(0.2888668964194426, 1.1388072853007884e-43)
(0.04422564888711006, 1.1669494709330879e-43)
(0.8280416670846298, 7.243178968166071e-44)
(0.8825850023784239, 9.10173564620461e-44)
(0.4633512805457889, 5.263492303387345e-44)
(0.8878521288824887, 1.6050081871253779e-43)
(0.7870759460464811, 1.5781702387131466e-43)
(0.6813732825598735, 5.18843359076243e-44)
(0.3124912914784702, 9.368001324026577e-44)
(0.540337316873415, 5.870961672709069e-44)
(0.8698708067853863, 5.682627532750111e-44)
(0.2556498020273034, 5.530091561495295e-44)
(0.25091169376806094, 6.234064834824638e-44)
(0.2999132226797783, 6.950316704970067e-44)
(0.5739412940046278, 1.3776626064505551e-43)
(0.6084123999314206, 2.638208156210818e-43)
(0.16928688263116673, 5.246913645848292e-44)
(0.5444917453131313, 7.898740816595548e-43)
(0.9297876073034936, 6.416946816903925e-43)
(0.5259181336580773, 3.552877110815653e-43)
(0.16674490046044918, 1.0825706187866614e-43)
(0.02069110208325998, 8.979503128383706e-44)
(0.29179243249923925, 1.6960982568408468e-43)
(0.5559032631228752, 5.4900518612445175e-44)
(0.6238521859321394, 9.188758013346855e-44)
(0.7749144843588568, 8.191708900905614e-43)
(0.8104867567611815, 1.1535264893651654e-42)
(0.8651602721045414, 6.489367583923761e-44)
(0.2908646791441638, 1.0273510400960115e-43)
(0.9165569439241884, 1.1240656963029108e-43)
(0.9999317051600484, 2.27725285369102e-43)
(0.23033647934214305, 1.1382253298894601e-43)
(0.6853589327395039, 5.976025120272116e-44)
(0.28805982328282437, 2.6806534215213644e-43)
(0.6326768791767623, 2.4775893809908637e-43)
(0.4127794535244859, 8.646467534647109e-44)
(0.7100317789547815, 2.961246797634428e-43)
(0.4894664533959759, 1.1994233713795468e-43)
(0.5103601092550967, 6.43442112535864e-43)
(0.026403657814974103, 7.787856742163355e-44)
(0.5044689808429618, 1.1567672845554857e-43)
(0.5213980785566672, 4.45522198670766e-43)
(0.9741019462403462, 6.437596989326147e-44)
(0.7406594450064039, 2.702358662273044e-43)
(0.40172265802029644, 1.9477371545652167e-43)
(0.19710615361219, 1.0389822807136538e-43)
(0.0016456077416061301, 7.908261588000723e-44)
(0.0675172854835997, 1.870360920109491e-43)
(0.8853329568226722, 2.386289020501297e-43)
(0.9066619545731053, 8.178596558047525e-44)
(0.3169440428956142, 3.826149712010334e-43)
(0.7723971108126045, 7.112925788468016e-44)
(0.2108379344395054, 9.8903597901106e-44)
(0.9651642036886082, 5.551245762867177e-43)
(0.7072942952179991, 5.664949266837128e-44)
(0.7210818567554229, 2.2770874185845395e-43)
(0.016410333336478063, 5.935793365105426e-44)
(0.9279969600423166, 8.222098422788713e-44)
(0.37637838896029063, 6.64091473952144e-44)
(0.9276277641186538, 5.760272559481321e-44)
(0.28753572803589483, 5.131248620476742e-43)
(0.01802363816930639, 7.343669686525689e-44)
(0.293345698796357, 8.862096891831041e-44)
(0.0526022362401594, 6.207905837042893e-44)
(0.009972697507176062, 3.15842680896888e-43)
